data;

param num_top:=4;

#nodes and edges of the physical network
param n := 23;

set E := (1,2) (1,3) (1,4) (1,5) (1,6) (2,3) (2,8) (3,13) (3,9) (4,5) (4,13) (4,14) (4,16) (5,16) (5,18) (6,7) (6,18) (7,8) (7,21) (7,22) (7,23) (8,23) (9,10) (9,11) (9,13) (10,11) (10,12) (10,13) (11,12) (12,13) (12,15) (14,15) (14,20) (15,20) (16,17) (16,19) (16,20) (17,18) (17,19) (18,21) (19,20) (21,22) (22,23) ;

#nodes and edges of the virtual networks
set Nl[1] := 2 13 22 10 4 5 ;
set Nl[2] := 17 2 5 6 9 3 ;
set Nl[3] := 12 2 14 23 22 21 ;
set Nl[4] := 8 4 7 9 17 20 ;

set El[1] := (2,13) (13,22) (10,22) (4,10) (4,5) (2,5) (5,10) (5,22) (5,13) (10,13) (2,4) (2,10) (4,13) (4,22) (2,22) ;
set El[2] := (2,17) (2,5) (5,6) (6,9) (3,9) (3,17) (5,9) (3,6) (3,5) (2,9) (2,6) (6,17) (9,17) (5,17) (2,3) ;
set El[3] := (2,12) (2,14) (14,23) (22,23) (21,22) (12,21) (2,21) (2,23) (2,22) (14,21) (12,14) (12,23) (12,22) (14,22) (21,23) ;
set El[4] := (4,8) (4,7) (7,9) (9,17) (17,20) (8,20) (8,9) (9,20) (4,20) (7,17) (7,8) (7,20) (4,9) (8,17) (4,17) ;
