data;

param num_top:=6;

#nodes and edges of the physical network
param n := 23;

set E := (1,2) (1,3) (1,4) (1,5) (1,6) (2,3) (2,8) (3,13) (3,9) (4,5) (4,13) (4,14) (4,16) (5,16) (5,18) (6,7) (6,18) (7,8) (7,21) (7,22) (7,23) (8,23) (9,10) (9,11) (9,13) (10,11) (10,12) (10,13) (11,12) (12,13) (12,15) (14,15) (14,20) (15,20) (16,17) (16,19) (16,20) (17,18) (17,19) (18,21) (19,20) (21,22) (22,23) ;

#nodes and edges of the virtual networks
set Nl[1] := 3 8 9 17 18 21;
set Nl[2] := 3 4 6 7 14 16;
set Nl[3] := 1 7 13 16 20 21;
set Nl[4] := 4 11 12 13 20 22;
set Nl[5] := 4 5 13 15 16 21;
set Nl[6] := 1 2 3 16 17 21;

set El[1] := (3,9) (9,17) (17,21) (8,21) (8,18) (3,18) (3,17) (9,21) (8,17) (3,8);
set El[2] := (3,7) (4,7) (4,14) (6,14) (6,16) (3,16) (14,16) (4,6) (7,16) (7,14);
set El[3] := (1,16) (13,16) (13,21) (7,21) (7,20) (1,20) (13,20) (20,21) (1,21) (7,16);
set El[4] := (4,13) (11,13) (11,20) (12,20) (12,22) (4,22) (12,13) (20,22) (13,22) (11,22);
set El[5] := (4,15) (5,15) (5,16) (13,16) (13,21) (4,21) (4,5) (13,15) (5,13) (4,16);
set El[6] := (1,2) (2,3) (3,16) (16,17) (17,21) (1,21) (1,17) (1,3) (3,21) (16,21);
