data;

param num_top:=2;

#nodes and edges of the physical network
param n := 23;

set E := (1,2) (1,3) (1,4) (1,5) (1,6) (2,3) (2,8) (3,13) (3,9) (4,5) (4,13) (4,14) (4,16) (5,16) (5,18) (6,7) (6,18) (7,8) (7,21) (7,22) (7,23) (8,23) (9,10) (9,11) (9,13) (10,11) (10,12) (10,13) (11,12) (12,13) (12,15) (14,15) (14,20) (15,20) (16,17) (16,19) (16,20) (17,18) (17,19) (18,21) (19,20) (21,22) (22,23) ;

#nodes and edges of the virtual networks
set Nl[1] := 2 13 5 8 3 1 ;
set Nl[2] := 8 21 6 7 13 14 ;

set El[1] := (2,13) (5,13) (5,8) (3,8) (1,3) (1,2) (3,13) (1,13) (2,3) (8,13) (1,5) (3,5) (2,8) (1,8) (2,5) ;
set El[2] := (8,21) (6,21) (6,7) (7,13) (13,14) (8,14) (7,8) (7,21) (13,21) (6,8) (8,13) (7,14) (14,21) (6,14) (6,13) ;
