data;

param num_top:=2;

#nodes and edges of the physical network
param n := 23;

set E := (1,2) (1,3) (1,4) (1,5) (1,6) (2,3) (2,8) (3,13) (3,9) (4,5) (4,13) (4,14) (4,16) (5,16) (5,18) (6,7) (6,18) (7,8) (7,21) (7,22) (7,23) (8,23) (9,10) (9,11) (9,13) (10,11) (10,12) (10,13) (11,12) (12,13) (12,15) (14,15) (14,20) (15,20) (16,17) (16,19) (16,20) (17,18) (17,19) (18,21) (19,20) (21,22) (22,23) ;

#nodes and edges of the virtual networks
set Nl[1] := 12 7 4 14 18 5 ;
set Nl[2] := 14 5 13 2 6 20 ;

set El[1] := (7,12) (4,7) (4,14) (14,18) (5,18) (5,12) (7,18) (4,5) (5,14) (5,7) (4,12) (4,18) (12,18) (12,14) (7,14) ;
set El[2] := (5,14) (5,13) (2,13) (2,6) (6,20) (14,20) (2,5) (6,14) (2,14) (6,13) (2,20) (13,14) (13,20) (5,20) (5,6) ;
