data;

param num_top:=2;

#nodes and edges of the physical network
param n := 23;

set E := (1,2) (1,3) (1,4) (1,5) (1,6) (2,3) (2,8) (3,13) (3,9) (4,5) (4,13) (4,14) (4,16) (5,16) (5,18) (6,7) (6,18) (7,8) (7,21) (7,22) (7,23) (8,23) (9,10) (9,11) (9,13) (10,11) (10,12) (10,13) (11,12) (12,13) (12,15) (14,15) (14,20) (15,20) (16,17) (16,19) (16,20) (17,18) (17,19) (18,21) (19,20) (21,22) (22,23) ;

#nodes and edges of the virtual networks
set Nl[1] := 6 3 1 12 15 20 ;
set Nl[2] := 3 5 21 7 13 6 ;

set El[1] := (3,6) (1,3) (1,12) (12,15) (15,20) (6,20) (6,12) (6,15) (1,20) (1,6) (12,20) (3,12) (3,20) (3,15) (1,15) ;
set El[2] := (3,5) (5,21) (7,21) (7,13) (6,13) (3,6) (3,21) (3,7) (5,6) (5,7) (6,7) (5,13) (13,21) (6,21) (3,13) ;
