data;

param num_top:=5;

#nodes and edges of the physical network
param n := 23;

set E := (1,2) (1,3) (1,4) (1,5) (1,6) (2,3) (2,8) (3,13) (3,9) (4,5) (4,13) (4,14) (4,16) (5,16) (5,18) (6,7) (6,18) (7,8) (7,21) (7,22) (7,23) (8,23) (9,10) (9,11) (9,13) (10,11) (10,12) (10,13) (11,12) (12,13) (12,15) (14,15) (14,20) (15,20) (16,17) (16,19) (16,20) (17,18) (17,19) (18,21) (19,20) (21,22) (22,23) ;

#nodes and edges of the virtual networks
set Nl[1] := 1 2 7 15 19;
set Nl[2] := 2 6 12 15 20;
set Nl[3] := 2 9 14 15 19;
set Nl[4] := 4 11 13 14 22;
set Nl[5] := 3 7 11 12 23;

set El[1] := (1,2) (2,19) (15,19) (7,15) (1,7) (1,15) (2,7) (7,19) (1,19) (2,15);
set El[2] := (2,6) (6,20) (15,20) (12,15) (2,12) (6,12) (2,20) (12,20) (6,15) (2,15);
set El[3] := (2,9) (9,19) (15,19) (14,15) (2,14) (2,15) (2,19) (9,14) (14,19) (9,15);
set El[4] := (4,11) (11,22) (14,22) (13,14) (4,13) (4,14) (4,22) (11,14) (13,22) (11,13);
set El[5] := (3,7) (7,23) (12,23) (11,12) (3,11) (7,11) (7,12) (3,12) (11,23) (3,23);
