data;

param num_top:=6;

#nodes and edges of the physical network
param n := 23;

set E := (1,2) (1,3) (1,4) (1,5) (1,6) (2,3) (2,8) (3,13) (3,9) (4,5) (4,13) (4,14) (4,16) (5,16) (5,18) (6,7) (6,18) (7,8) (7,21) (7,22) (7,23) (8,23) (9,10) (9,11) (9,13) (10,11) (10,12) (10,13) (11,12) (12,13) (12,15) (14,15) (14,20) (15,20) (16,17) (16,19) (16,20) (17,18) (17,19) (18,21) (19,20) (21,22) (22,23) ;

#nodes and edges of the virtual networks
set Nl[1] := 1 2 5 10 17 21;
set Nl[2] := 6 7 13 14 21 23;
set Nl[3] := 2 5 9 18 21 23;
set Nl[4] := 3 4 5 10 13 18;
set Nl[5] := 7 11 14 20 21 22;
set Nl[6] := 5 12 14 20 21 23;

set El[1] := (1,10) (2,10) (2,17) (5,17) (5,21) (1,21) (1,5) (10,17) (2,21) (1,17) (10,21);
set El[2] := (6,14) (13,14) (13,23) (7,23) (7,21) (6,21) (6,13) (13,21) (14,23) (6,23) (14,21);
set El[3] := (2,5) (5,9) (9,18) (18,21) (21,23) (2,23) (9,21) (5,23) (5,21) (5,18) (2,21);
set El[4] := (3,10) (4,10) (4,13) (5,13) (5,18) (3,18) (10,13) (3,4) (3,5) (3,13) (13,18);
set El[5] := (7,11) (11,14) (14,20) (20,21) (21,22) (7,22) (14,21) (7,20) (14,22) (11,20) (7,14);
set El[6] := (5,12) (12,14) (14,20) (20,21) (21,23) (5,23) (12,23) (5,14) (5,20) (14,23) (12,20);
