data;

param num_top:=6;

#nodes and edges of the physical network
param n := 23;

set E := (1,2) (1,3) (1,4) (1,5) (1,6) (2,3) (2,8) (3,13) (3,9) (4,5) (4,13) (4,14) (4,16) (5,16) (5,18) (6,7) (6,18) (7,8) (7,21) (7,22) (7,23) (8,23) (9,10) (9,11) (9,13) (10,11) (10,12) (10,13) (11,12) (12,13) (12,15) (14,15) (14,20) (15,20) (16,17) (16,19) (16,20) (17,18) (17,19) (18,21) (19,20) (21,22) (22,23) ;

#nodes and edges of the virtual networks
set Nl[1] := 7 9 13 15 17 19;
set Nl[2] := 1 3 5 10 21 23;
set Nl[3] := 2 3 9 12 13 21;
set Nl[4] := 6 8 13 17 22 23;
set Nl[5] := 1 3 11 19 22 23;
set Nl[6] := 2 3 12 19 21 22;

set El[1] := (7,9) (9,13) (13,15) (15,17) (17,19) (7,19) (9,17) (7,13) (13,17) (9,15) (13,19) (15,19) (7,15) (7,17);
set El[2] := (1,5) (5,23) (21,23) (3,21) (3,10) (1,10) (5,10) (10,21) (1,23) (3,5) (3,23) (10,23) (1,3) (1,21);
set El[3] := (2,12) (3,12) (3,13) (9,13) (9,21) (2,21) (13,21) (3,9) (3,21) (12,21) (2,9) (12,13) (2,13) (2,3);
set El[4] := (6,13) (13,23) (22,23) (8,22) (8,17) (6,17) (13,17) (8,23) (17,22) (13,22) (17,23) (8,13) (6,8) (6,22);
set El[5] := (1,3) (3,11) (11,19) (19,22) (22,23) (1,23) (19,23) (1,19) (3,19) (1,22) (3,23) (11,23) (3,22) (1,11);
set El[6] := (2,3) (3,12) (12,19) (19,21) (21,22) (2,22) (12,21) (3,21) (3,19) (2,19) (19,22) (2,12) (2,21) (3,22);
