data;

param num_top:=6;

#nodes and edges of the physical network
param n := 23;

set E := (1,2) (1,3) (1,4) (1,5) (1,6) (2,3) (2,8) (3,13) (3,9) (4,5) (4,13) (4,14) (4,16) (5,16) (5,18) (6,7) (6,18) (7,8) (7,21) (7,22) (7,23) (8,23) (9,10) (9,11) (9,13) (10,11) (10,12) (10,13) (11,12) (12,13) (12,15) (14,15) (14,20) (15,20) (16,17) (16,19) (16,20) (17,18) (17,19) (18,21) (19,20) (21,22) (22,23) ;

#nodes and edges of the virtual networks
set Nl[1] := 3 9 11 12 18 21;
set Nl[2] := 1 6 7 8 11 14;
set Nl[3] := 6 7 10 15 19 20;
set Nl[4] := 7 15 16 21 22 23;
set Nl[5] := 1 8 10 12 13 19;
set Nl[6] := 4 10 12 16 18 20;

set El[1] := (3,12) (9,12) (9,18) (11,18) (11,21) (3,21) (3,11) (11,12) (9,21);
set El[2] := (1,6) (6,7) (7,8) (8,11) (11,14) (1,14) (1,8) (6,8) (8,14);
set El[3] := (6,7) (7,10) (10,15) (15,19) (19,20) (6,20) (7,15) (15,20) (6,10);
set El[4] := (7,15) (15,16) (16,21) (21,22) (22,23) (7,23) (15,23) (21,23) (7,22);
set El[5] := (1,12) (8,12) (8,13) (10,13) (10,19) (1,19) (12,13) (12,19) (1,13);
set El[6] := (4,16) (10,16) (10,18) (12,18) (12,20) (4,20) (4,18) (4,12) (10,12);
