data;

param num_top:=6;

#nodes and edges of the physical network
param n := 23;

set E := (1,2) (1,3) (1,4) (1,5) (1,6) (2,3) (2,8) (3,13) (3,9) (4,5) (4,13) (4,14) (4,16) (5,16) (5,18) (6,7) (6,18) (7,8) (7,21) (7,22) (7,23) (8,23) (9,10) (9,11) (9,13) (10,11) (10,12) (10,13) (11,12) (12,13) (12,15) (14,15) (14,20) (15,20) (16,17) (16,19) (16,20) (17,18) (17,19) (18,21) (19,20) (21,22) (22,23) ;

#nodes and edges of the virtual networks
set Nl[1] := 3 5 11 13 19 20;
set Nl[2] := 1 3 14 16 17 20;
set Nl[3] := 3 10 11 12 13 17;
set Nl[4] := 6 7 16 20 22 23;
set Nl[5] := 3 6 9 14 17 20;
set Nl[6] := 3 5 9 12 18 22;

set El[1] := (3,13) (5,13) (5,19) (11,19) (11,20) (3,20) (5,11) (3,19) (5,20) (19,20) (11,13) (3,5) (13,19) (13,20) (3,11);
set El[2] := (1,3) (3,14) (14,16) (16,17) (17,20) (1,20) (3,17) (16,20) (1,16) (3,20) (1,14) (14,17) (3,16) (14,20) (1,17);
set El[3] := (3,12) (10,12) (10,13) (11,13) (11,17) (3,17) (10,17) (3,10) (12,13) (3,13) (13,17) (11,12) (10,11) (3,11) (12,17);
set El[4] := (6,16) (16,23) (22,23) (7,22) (7,20) (6,20) (20,22) (6,23) (6,7) (16,20) (6,22) (16,22) (20,23) (7,23) (7,16);
set El[5] := (3,6) (6,9) (9,14) (14,17) (17,20) (3,20) (14,20) (3,14) (6,14) (9,17) (6,17) (3,17) (6,20) (9,20) (3,9);
set El[6] := (3,12) (5,12) (5,18) (9,18) (9,22) (3,22) (5,22) (9,12) (3,9) (18,22) (3,5) (12,18) (12,22) (3,18) (5,9);
