data;

param num_top:=6;

#nodes and edges of the physical network
param n := 23;

set E := (1,2) (1,3) (1,4) (1,5) (1,6) (2,3) (2,8) (3,13) (3,9) (4,5) (4,13) (4,14) (4,16) (5,16) (5,18) (6,7) (6,18) (7,8) (7,21) (7,22) (7,23) (8,23) (9,10) (9,11) (9,13) (10,11) (10,12) (10,13) (11,12) (12,13) (12,15) (14,15) (14,20) (15,20) (16,17) (16,19) (16,20) (17,18) (17,19) (18,21) (19,20) (21,22) (22,23) ;

#nodes and edges of the virtual networks
set Nl[1] := 1 2 3 19 22 23;
set Nl[2] := 4 5 6 8 11 16;
set Nl[3] := 4 9 10 15 16 19;
set Nl[4] := 3 10 11 12 16 23;
set Nl[5] := 3 10 11 12 14 15;
set Nl[6] := 2 3 14 16 17 20;

set El[1] := (1,2) (2,3) (3,19) (19,22) (22,23) (1,23) (3,22) (19,23) (2,19);
set El[2] := (4,8) (5,8) (5,11) (6,11) (6,16) (4,16) (4,11) (11,16) (8,16);
set El[3] := (4,9) (9,10) (10,15) (15,16) (16,19) (4,19) (4,15) (10,16) (15,19);
set El[4] := (3,12) (10,12) (10,16) (11,16) (11,23) (3,23) (12,23) (10,23) (3,10);
set El[5] := (3,10) (10,11) (11,12) (12,14) (14,15) (3,15) (3,11) (10,14) (3,14);
set El[6] := (2,3) (3,14) (14,16) (16,17) (17,20) (2,20) (16,20) (14,20) (2,17);
