data;

param num_top:=6;

#nodes and edges of the physical network
param n := 23;

set E := (1,2) (1,3) (1,4) (1,5) (1,6) (2,3) (2,8) (3,13) (3,9) (4,5) (4,13) (4,14) (4,16) (5,16) (5,18) (6,7) (6,18) (7,8) (7,21) (7,22) (7,23) (8,23) (9,10) (9,11) (9,13) (10,11) (10,12) (10,13) (11,12) (12,13) (12,15) (14,15) (14,20) (15,20) (16,17) (16,19) (16,20) (17,18) (17,19) (18,21) (19,20) (21,22) (22,23) ;

#nodes and edges of the virtual networks
set Nl[1] := 4 6 20 2 19 12 ;
set Nl[2] := 20 15 21 5 6 12 ;
set Nl[3] := 4 21 15 13 1 6 ;
set Nl[4] := 12 10 22 21 18 11 ;
set Nl[5] := 12 7 21 15 5 16 ;
set Nl[6] := 23 10 22 21 15 11 ;

set El[1] := (4,6) (6,20) (2,20) (2,19) (12,19) (4,12) (12,20) (2,4) (2,12) (19,20) (4,20) (6,19) (6,12) (4,19) (2,6) ;
set El[2] := (15,20) (15,21) (5,21) (5,6) (6,12) (12,20) (5,12) (6,20) (6,15) (12,15) (5,15) (6,21) (20,21) (12,21) (5,20) ;
set El[3] := (4,21) (15,21) (13,15) (1,13) (1,6) (4,6) (4,13) (1,21) (6,15) (6,13) (6,21) (13,21) (4,15) (1,15) (1,4) ;
set El[4] := (10,12) (10,22) (21,22) (18,21) (11,18) (11,12) (12,21) (18,22) (10,21) (11,22) (10,11) (10,18) (12,18) (12,22) (11,21) ;
set El[5] := (7,12) (7,21) (15,21) (5,15) (5,16) (12,16) (7,15) (5,7) (12,15) (7,16) (5,21) (5,12) (16,21) (12,21) (15,16) ;
set El[6] := (10,23) (10,22) (21,22) (15,21) (11,15) (11,23) (15,23) (21,23) (22,23) (10,21) (10,15) (11,22) (10,11) (15,22) (11,21) ;
