data;

param num_top:=6;

#nodes and edges of the physical network
param n := 23;

set E := (1,2) (1,3) (1,4) (1,5) (1,6) (2,3) (2,8) (3,13) (3,9) (4,5) (4,13) (4,14) (4,16) (5,16) (5,18) (6,7) (6,18) (7,8) (7,21) (7,22) (7,23) (8,23) (9,10) (9,11) (9,13) (10,11) (10,12) (10,13) (11,12) (12,13) (12,15) (14,15) (14,20) (15,20) (16,17) (16,19) (16,20) (17,18) (17,19) (18,21) (19,20) (21,22) (22,23) ;

#nodes and edges of the virtual networks
set Nl[1] := 13 20 11 5 12 22 ;
set Nl[2] := 10 3 12 9 5 13 ;
set Nl[3] := 1 20 18 14 22 23 ;
set Nl[4] := 11 16 23 17 18 7 ;
set Nl[5] := 13 22 14 17 20 11 ;
set Nl[6] := 10 11 14 2 17 18 ;

set El[1] := (13,20) (11,20) (5,11) (5,12) (12,22) (13,22) (5,13) (11,13) (5,22) (12,13) (11,12) (12,20) (5,20) (11,22) (20,22) ;
set El[2] := (3,10) (3,12) (9,12) (5,9) (5,13) (10,13) (9,10) (10,12) (12,13) (3,9) (5,12) (3,13) (9,13) (3,5) (5,10) ;
set El[3] := (1,20) (18,20) (14,18) (14,22) (22,23) (1,23) (14,23) (14,20) (1,14) (20,22) (18,22) (1,22) (20,23) (18,23) (1,18) ;
set El[4] := (11,16) (16,23) (17,23) (17,18) (7,18) (7,11) (7,23) (11,18) (11,23) (16,18) (7,16) (7,17) (16,17) (18,23) (11,17) ;
set El[5] := (13,22) (14,22) (14,17) (17,20) (11,20) (11,13) (17,22) (14,20) (11,14) (11,17) (11,22) (13,20) (20,22) (13,14) (13,17) ;
set El[6] := (10,11) (11,14) (2,14) (2,17) (17,18) (10,18) (14,17) (11,18) (10,17) (2,10) (10,14) (2,11) (2,18) (14,18) (11,17) ;
