data;

param num_top:=6;

#nodes and edges of the physical network
param n := 23;

set E := (1,2) (1,3) (1,4) (1,5) (1,6) (2,3) (2,8) (3,13) (3,9) (4,5) (4,13) (4,14) (4,16) (5,16) (5,18) (6,7) (6,18) (7,8) (7,21) (7,22) (7,23) (8,23) (9,10) (9,11) (9,13) (10,11) (10,12) (10,13) (11,12) (12,13) (12,15) (14,15) (14,20) (15,20) (16,17) (16,19) (16,20) (17,18) (17,19) (18,21) (19,20) (21,22) (22,23) ;

#nodes and edges of the virtual networks
set Nl[1] := 2 21 14 16 11 5 ;
set Nl[2] := 11 22 16 2 8 15 ;
set Nl[3] := 16 1 20 3 6 12 ;
set Nl[4] := 9 16 15 20 12 2 ;
set Nl[5] := 20 22 1 17 21 4 ;
set Nl[6] := 13 14 15 17 8 10 ;

set El[1] := (2,21) (14,21) (14,16) (11,16) (5,11) (2,5) (5,14) (16,21) (2,14) (5,16) (5,21) (2,16) (11,14) (2,11) (11,21) ;
set El[2] := (11,22) (16,22) (2,16) (2,8) (8,15) (11,15) (8,16) (2,11) (15,16) (8,22) (11,16) (2,22) (8,11) (2,15) (15,22) ;
set El[3] := (1,16) (1,20) (3,20) (3,6) (6,12) (12,16) (1,3) (3,12) (1,12) (1,6) (6,16) (12,20) (6,20) (3,16) (16,20) ;
set El[4] := (9,16) (15,16) (15,20) (12,20) (2,12) (2,9) (16,20) (2,16) (12,16) (9,15) (2,15) (2,20) (9,20) (9,12) (12,15) ;
set El[5] := (20,22) (1,22) (1,17) (17,21) (4,21) (4,20) (1,4) (21,22) (20,21) (17,22) (4,22) (17,20) (4,17) (1,21) (1,20) ;
set El[6] := (13,14) (14,15) (15,17) (8,17) (8,10) (10,13) (10,17) (13,17) (8,15) (14,17) (10,14) (10,15) (8,14) (8,13) (13,15) ;
