data;

param num_top:=6;

#nodes and edges of the physical network
param n := 23;

set E := (1,2) (1,3) (1,4) (1,5) (1,6) (2,3) (2,8) (3,13) (3,9) (4,5) (4,13) (4,14) (4,16) (5,16) (5,18) (6,7) (6,18) (7,8) (7,21) (7,22) (7,23) (8,23) (9,10) (9,11) (9,13) (10,11) (10,12) (10,13) (11,12) (12,13) (12,15) (14,15) (14,20) (15,20) (16,17) (16,19) (16,20) (17,18) (17,19) (18,21) (19,20) (21,22) (22,23) ;

#nodes and edges of the virtual networks
set Nl[1] := 21 8 2 14 6 5 ;
set Nl[2] := 7 20 8 4 3 11 ;
set Nl[3] := 12 7 21 15 5 16 ;
set Nl[4] := 23 10 22 21 15 11 ;
set Nl[5] := 10 21 20 18 23 1 ;
set Nl[6] := 5 3 6 1 22 14 ;

set El[1] := (8,21) (2,8) (2,14) (6,14) (5,6) (5,21) (5,8) (6,8) (2,6) (14,21) (2,5) (6,21) (2,21) (5,14) (8,14) ;
set El[2] := (7,20) (8,20) (4,8) (3,4) (3,11) (7,11) (3,20) (4,20) (11,20) (3,8) (4,7) (7,8) (8,11) (3,7) (4,11) ;
set El[3] := (7,12) (7,21) (15,21) (5,15) (5,16) (12,16) (7,15) (5,7) (12,15) (7,16) (5,21) (5,12) (16,21) (12,21) (15,16) ;
set El[4] := (10,23) (10,22) (21,22) (15,21) (11,15) (11,23) (15,23) (21,23) (22,23) (10,21) (10,15) (11,22) (10,11) (15,22) (11,21) ;
set El[5] := (10,21) (20,21) (18,20) (18,23) (1,23) (1,10) (1,18) (20,23) (21,23) (1,20) (1,21) (10,18) (10,23) (18,21) (10,20) ;
set El[6] := (3,5) (3,6) (1,6) (1,22) (14,22) (5,14) (5,22) (3,22) (1,14) (5,6) (6,22) (3,14) (6,14) (1,3) (1,5) ;
