data;

param num_top:=5;

#nodes and edges of the physical network
param n := 23;

set E := (1,2) (1,3) (1,4) (1,5) (1,6) (2,3) (2,8) (3,13) (3,9) (4,5) (4,13) (4,14) (4,16) (5,16) (5,18) (6,7) (6,18) (7,8) (7,21) (7,22) (7,23) (8,23) (9,10) (9,11) (9,13) (10,11) (10,12) (10,13) (11,12) (12,13) (12,15) (14,15) (14,20) (15,20) (16,17) (16,19) (16,20) (17,18) (17,19) (18,21) (19,20) (21,22) (22,23) ;

#nodes and edges of the virtual networks
set Nl[1] := 3 9 11 19 22;
set Nl[2] := 5 12 15 17 18;
set Nl[3] := 1 7 8 20 22;
set Nl[4] := 8 9 13 16 21;
set Nl[5] := 6 8 15 22 23;

set El[1] := (3,9) (9,22) (19,22) (11,19) (3,11) (9,19) (11,22) (9,11);
set El[2] := (5,12) (12,18) (17,18) (15,17) (5,15) (5,18) (12,17) (15,18);
set El[3] := (1,7) (7,8) (8,22) (20,22) (1,20) (1,22) (7,22) (1,8);
set El[4] := (8,13) (9,13) (9,16) (16,21) (8,21) (13,21) (8,9) (13,16);
set El[5] := (6,8) (8,23) (22,23) (15,22) (6,15) (6,23) (6,22) (8,22);
