data;

param num_top:=5;

#nodes and edges of the physical network
param n := 23;

set E := (1,2) (1,3) (1,4) (1,5) (1,6) (2,3) (2,8) (3,13) (3,9) (4,5) (4,13) (4,14) (4,16) (5,16) (5,18) (6,7) (6,18) (7,8) (7,21) (7,22) (7,23) (8,23) (9,10) (9,11) (9,13) (10,11) (10,12) (10,13) (11,12) (12,13) (12,15) (14,15) (14,20) (15,20) (16,17) (16,19) (16,20) (17,18) (17,19) (18,21) (19,20) (21,22) (22,23) ;

#nodes and edges of the virtual networks
set Nl[1] := 9 10 15 16 22;
set Nl[2] := 3 7 12 17 20;
set Nl[3] := 9 16 17 18 21;
set Nl[4] := 13 16 18 22 23;
set Nl[5] := 2 5 6 14 22;

set El[1] := (9,10) (10,22) (16,22) (15,16) (9,15) (15,22) (10,15) (10,16);
set El[2] := (3,7) (7,20) (17,20) (12,17) (3,12) (12,20) (3,20) (7,17);
set El[3] := (9,16) (16,21) (18,21) (17,18) (9,17) (17,21) (16,18) (9,21);
set El[4] := (13,16) (16,23) (22,23) (18,22) (13,18) (18,23) (13,22) (16,18);
set El[5] := (2,5) (5,14) (14,22) (6,22) (2,6) (5,6) (6,14) (2,22);
