data;

param num_top:=5;

#nodes and edges of the physical network
param n := 23;

set E := (1,2) (1,3) (1,4) (1,5) (1,6) (2,3) (2,8) (3,13) (3,9) (4,5) (4,13) (4,14) (4,16) (5,16) (5,18) (6,7) (6,18) (7,8) (7,21) (7,22) (7,23) (8,23) (9,10) (9,11) (9,13) (10,11) (10,12) (10,13) (11,12) (12,13) (12,15) (14,15) (14,20) (15,20) (16,17) (16,19) (16,20) (17,18) (17,19) (18,21) (19,20) (21,22) (22,23) ;

#nodes and edges of the virtual networks
set Nl[1] := 6 7 19 20 22;
set Nl[2] := 7 13 16 20 22;
set Nl[3] := 3 8 12 14 17;
set Nl[4] := 1 4 8 16 21;
set Nl[5] := 4 7 10 18 22;

set El[1] := (6,7) (7,22) (20,22) (19,20) (6,19) (6,22) (6,20);
set El[2] := (7,16) (13,16) (13,20) (20,22) (7,22) (16,22) (7,20);
set El[3] := (3,8) (8,17) (14,17) (12,14) (3,12) (8,14) (3,17);
set El[4] := (1,4) (4,16) (16,21) (8,21) (1,8) (1,16) (4,21);
set El[5] := (4,7) (7,22) (18,22) (10,18) (4,10) (7,10) (4,22);
