data;

param num_top:=5;

#nodes and edges of the physical network
param n := 23;

set E := (1,2) (1,3) (1,4) (1,5) (1,6) (2,3) (2,8) (3,13) (3,9) (4,5) (4,13) (4,14) (4,16) (5,16) (5,18) (6,7) (6,18) (7,8) (7,21) (7,22) (7,23) (8,23) (9,10) (9,11) (9,13) (10,11) (10,12) (10,13) (11,12) (12,13) (12,15) (14,15) (14,20) (15,20) (16,17) (16,19) (16,20) (17,18) (17,19) (18,21) (19,20) (21,22) (22,23) ;

#nodes and edges of the virtual networks
set Nl[1] := 4 6 12 20 23;
set Nl[2] := 3 4 12 20 21;
set Nl[3] := 13 16 21 22 23;
set Nl[4] := 3 4 8 11 12;
set Nl[5] := 4 12 13 15 20;

set El[1] := (4,6) (6,23) (20,23) (12,20) (4,12) (6,12) (4,20);
set El[2] := (3,4) (4,21) (20,21) (12,20) (3,12) (3,20) (12,21);
set El[3] := (13,16) (16,23) (22,23) (21,22) (13,21) (16,21) (21,23);
set El[4] := (3,4) (4,12) (11,12) (8,11) (3,8) (3,11) (4,8);
set El[5] := (4,12) (12,20) (15,20) (13,15) (4,13) (12,15) (4,20);
