data;

param num_top:=6;

#nodes and edges of the physical network
param n := 23;

set E := (1,2) (1,3) (1,4) (1,5) (1,6) (2,3) (2,8) (3,13) (3,9) (4,5) (4,13) (4,14) (4,16) (5,16) (5,18) (6,7) (6,18) (7,8) (7,21) (7,22) (7,23) (8,23) (9,10) (9,11) (9,13) (10,11) (10,12) (10,13) (11,12) (12,13) (12,15) (14,15) (14,20) (15,20) (16,17) (16,19) (16,20) (17,18) (17,19) (18,21) (19,20) (21,22) (22,23) ;

#nodes and edges of the virtual networks
set Nl[1] := 5 7 8 10 13 20;
set Nl[2] := 1 4 8 9 20 22;
set Nl[3] := 9 12 18 20 22 23;
set Nl[4] := 2 8 10 13 15 19;
set Nl[5] := 1 7 8 14 18 23;
set Nl[6] := 4 6 10 12 18 21;

set El[1] := (5,7) (7,8) (8,10) (10,13) (13,20) (5,20) (5,13) (8,20);
set El[2] := (1,9) (4,9) (4,20) (8,20) (8,22) (1,22) (8,9) (1,20);
set El[3] := (9,12) (12,18) (18,20) (20,22) (22,23) (9,23) (9,20) (12,22);
set El[4] := (2,13) (8,13) (8,15) (10,15) (10,19) (2,19) (2,10) (2,8);
set El[5] := (1,14) (8,14) (8,23) (7,23) (7,18) (1,18) (7,8) (1,8);
set El[6] := (4,12) (6,12) (6,18) (10,18) (10,21) (4,21) (6,21) (12,21);
