data;

param num_top:=6;

#nodes and edges of the physical network
param n := 23;

set E := (1,2) (1,3) (1,4) (1,5) (1,6) (2,3) (2,8) (3,13) (3,9) (4,5) (4,13) (4,14) (4,16) (5,16) (5,18) (6,7) (6,18) (7,8) (7,21) (7,22) (7,23) (8,23) (9,10) (9,11) (9,13) (10,11) (10,12) (10,13) (11,12) (12,13) (12,15) (14,15) (14,20) (15,20) (16,17) (16,19) (16,20) (17,18) (17,19) (18,21) (19,20) (21,22) (22,23) ;

#nodes and edges of the virtual networks
set Nl[1] := 2 4 6 8 12 21;
set Nl[2] := 8 10 11 13 16 22;
set Nl[3] := 1 3 5 7 12 15;
set Nl[4] := 1 4 8 10 12 13;
set Nl[5] := 2 5 6 9 20 23;
set Nl[6] := 5 6 8 12 19 22;

set El[1] := (2,6) (4,6) (4,12) (12,21) (8,21) (2,8) (4,21) (4,8) (6,21) (6,8) (6,12) (2,21) (8,12) (2,12) (2,4);
set El[2] := (8,13) (10,13) (10,16) (11,16) (11,22) (8,22) (8,16) (11,13) (16,22) (13,22) (8,10) (13,16) (10,11) (10,22) (8,11);
set El[3] := (1,7) (3,7) (3,12) (5,12) (5,15) (1,15) (1,5) (5,7) (1,3) (3,15) (1,12) (7,15) (12,15) (3,5) (7,12);
set El[4] := (1,4) (4,8) (8,10) (10,12) (12,13) (1,13) (4,12) (1,10) (1,8) (8,12) (10,13) (1,12) (4,10) (8,13) (4,13);
set El[5] := (2,9) (5,9) (5,20) (6,20) (6,23) (2,23) (5,23) (9,23) (2,5) (6,9) (20,23) (2,6) (5,6) (9,20) (2,20);
set El[6] := (5,12) (6,12) (6,19) (8,19) (8,22) (5,22) (5,6) (6,8) (5,19) (6,22) (8,12) (12,19) (19,22) (5,8) (12,22);
