data;

param num_top:=4;

#nodes and edges of the physical network
param n := 23;

set E := (1,2) (1,3) (1,4) (1,5) (1,6) (2,3) (2,8) (3,13) (3,9) (4,5) (4,13) (4,14) (4,16) (5,16) (5,18) (6,7) (6,18) (7,8) (7,21) (7,22) (7,23) (8,23) (9,10) (9,11) (9,13) (10,11) (10,12) (10,13) (11,12) (12,13) (12,15) (14,15) (14,20) (15,20) (16,17) (16,19) (16,20) (17,18) (17,19) (18,21) (19,20) (21,22) (22,23) ;

#nodes and edges of the virtual networks
set Nl[1] := 5 8 9 3 1 16 ;
set Nl[2] := 4 16 15 11 9 6 ;
set Nl[3] := 22 10 3 19 5 9 ;
set Nl[4] := 18 20 22 21 6 3 ;

set El[1] := (5,8) (8,9) (3,9) (1,3) (1,16) (5,16) ;
set El[2] := (4,16) (15,16) (11,15) (9,11) (6,9) (4,6) ;
set El[3] := (10,22) (3,10) (3,19) (5,19) (5,9) (9,22) ;
set El[4] := (18,20) (20,22) (21,22) (6,21) (3,6) (3,18) ;
