data;

param num_top:=4;

#nodes and edges of the physical network
param n := 23;

set E := (1,2) (1,3) (1,4) (1,5) (1,6) (2,3) (2,8) (3,13) (3,9) (4,5) (4,13) (4,14) (4,16) (5,16) (5,18) (6,7) (6,18) (7,8) (7,21) (7,22) (7,23) (8,23) (9,10) (9,11) (9,13) (10,11) (10,12) (10,13) (11,12) (12,13) (12,15) (14,15) (14,20) (15,20) (16,17) (16,19) (16,20) (17,18) (17,19) (18,21) (19,20) (21,22) (22,23) ;

#nodes and edges of the virtual networks
set Nl[1] := 10 5 14 1 11 3 ;
set Nl[2] := 15 13 1 14 17 7 ;
set Nl[3] := 5 22 1 13 16 15 ;
set Nl[4] := 20 16 14 7 21 13 ;

set El[1] := (5,10) (5,14) (1,14) (1,11) (3,11) (3,10) ;
set El[2] := (13,15) (1,13) (1,14) (14,17) (7,17) (7,15) ;
set El[3] := (5,22) (1,22) (1,13) (13,16) (15,16) (5,15) ;
set El[4] := (16,20) (14,16) (7,14) (7,21) (13,21) (13,20) ;
