data;

param num_top:=4;

#nodes and edges of the physical network
param n := 23;

set E := (1,2) (1,3) (1,4) (1,5) (1,6) (2,3) (2,8) (3,13) (3,9) (4,5) (4,13) (4,14) (4,16) (5,16) (5,18) (6,7) (6,18) (7,8) (7,21) (7,22) (7,23) (8,23) (9,10) (9,11) (9,13) (10,11) (10,12) (10,13) (11,12) (12,13) (12,15) (14,15) (14,20) (15,20) (16,17) (16,19) (16,20) (17,18) (17,19) (18,21) (19,20) (21,22) (22,23) ;

#nodes and edges of the virtual networks
set Nl[1] := 10 22 1 4 18 16 ;
set Nl[2] := 12 20 22 9 14 1 ;
set Nl[3] := 22 7 23 18 4 6 ;
set Nl[4] := 2 15 16 6 10 9 ;

set El[1] := (10,22) (1,22) (1,4) (4,18) (16,18) (10,16) ;
set El[2] := (12,20) (20,22) (9,22) (9,14) (1,14) (1,12) ;
set El[3] := (7,22) (7,23) (18,23) (4,18) (4,6) (6,22) ;
set El[4] := (2,15) (15,16) (6,16) (6,10) (9,10) (2,9) ;
