data;

param num_top:=5;

#nodes and edges of the physical network
param n := 23;

set E := (1,2) (1,3) (1,4) (1,5) (1,6) (2,3) (2,8) (3,13) (3,9) (4,5) (4,13) (4,14) (4,16) (5,16) (5,18) (6,7) (6,18) (7,8) (7,21) (7,22) (7,23) (8,23) (9,10) (9,11) (9,13) (10,11) (10,12) (10,13) (11,12) (12,13) (12,15) (14,15) (14,20) (15,20) (16,17) (16,19) (16,20) (17,18) (17,19) (18,21) (19,20) (21,22) (22,23) ;

#nodes and edges of the virtual networks
set Nl[1] := 14 20 13 9 7 15 ;
set Nl[2] := 11 17 8 22 10 3 ;
set Nl[3] := 12 14 22 5 10 20 ;
set Nl[4] := 14 10 1 21 13 11 ;
set Nl[5] := 20 22 1 17 21 4 ;

set El[1] := (14,20) (13,20) (9,13) (7,9) (7,15) (14,15) (7,13) (9,20) (9,15) (7,20) (13,14) (7,14) (15,20) (13,15) (9,14) ;
set El[2] := (11,17) (8,17) (8,22) (10,22) (3,10) (3,11) (8,11) (10,11) (3,22) (10,17) (3,17) (17,22) (11,22) (3,8) (8,10) ;
set El[3] := (12,14) (14,22) (5,22) (5,10) (10,20) (12,20) (14,20) (10,22) (20,22) (10,12) (5,20) (5,12) (10,14) (12,22) (5,14) ;
set El[4] := (10,14) (1,10) (1,21) (13,21) (11,13) (11,14) (14,21) (10,13) (11,21) (1,13) (10,21) (1,14) (10,11) (13,14) (1,11) ;
set El[5] := (20,22) (1,22) (1,17) (17,21) (4,21) (4,20) (1,4) (21,22) (20,21) (17,22) (4,22) (17,20) (4,17) (1,21) (1,20) ;
