data;

param num_top:=5;

#nodes and edges of the physical network
param n := 23;

set E := (1,2) (1,3) (1,4) (1,5) (1,6) (2,3) (2,8) (3,13) (3,9) (4,5) (4,13) (4,14) (4,16) (5,16) (5,18) (6,7) (6,18) (7,8) (7,21) (7,22) (7,23) (8,23) (9,10) (9,11) (9,13) (10,11) (10,12) (10,13) (11,12) (12,13) (12,15) (14,15) (14,20) (15,20) (16,17) (16,19) (16,20) (17,18) (17,19) (18,21) (19,20) (21,22) (22,23) ;

#nodes and edges of the virtual networks
set Nl[1] := 2 12 13 10 21 9 ;
set Nl[2] := 13 12 8 6 23 14 ;
set Nl[3] := 19 22 15 11 9 12 ;
set Nl[4] := 9 6 3 10 5 7 ;
set Nl[5] := 20 6 16 5 4 10 ;

set El[1] := (2,12) (12,13) (10,13) (10,21) (9,21) (2,9) (2,21) (2,13) (2,10) (10,12) (9,13) (13,21) (12,21) (9,12) (9,10) ;
set El[2] := (12,13) (8,12) (6,8) (6,23) (14,23) (13,14) (12,14) (8,13) (13,23) (6,13) (12,23) (8,23) (6,12) (6,14) (8,14) ;
set El[3] := (19,22) (15,22) (11,15) (9,11) (9,12) (12,19) (9,15) (11,12) (12,15) (9,19) (12,22) (11,19) (11,22) (15,19) (9,22) ;
set El[4] := (6,9) (3,6) (3,10) (5,10) (5,7) (7,9) (9,10) (3,7) (5,9) (3,9) (6,7) (3,5) (6,10) (7,10) (5,6) ;
set El[5] := (6,20) (6,16) (5,16) (4,5) (4,10) (10,20) (4,6) (4,16) (10,16) (16,20) (5,6) (5,20) (6,10) (4,20) (5,10) ;