data;

param num_top:=5;

#nodes and edges of the physical network
param n := 23;

set E := (1,2) (1,3) (1,4) (1,5) (1,6) (2,3) (2,8) (3,13) (3,9) (4,5) (4,13) (4,14) (4,16) (5,16) (5,18) (6,7) (6,18) (7,8) (7,21) (7,22) (7,23) (8,23) (9,10) (9,11) (9,13) (10,11) (10,12) (10,13) (11,12) (12,13) (12,15) (14,15) (14,20) (15,20) (16,17) (16,19) (16,20) (17,18) (17,19) (18,21) (19,20) (21,22) (22,23) ;

#nodes and edges of the virtual networks
set Nl[1] := 12 15 20 21 18 16 ;
set Nl[2] := 9 12 1 3 11 14 ;
set Nl[3] := 18 15 9 11 12 21 ;
set Nl[4] := 14 5 19 17 7 16 ;
set Nl[5] := 11 13 17 21 22 9 ;

set El[1] := (12,15) (15,20) (20,21) (18,21) (16,18) (12,16) (18,20) (12,21) (12,18) (12,20) (16,21) (15,16) (15,21) (16,20) (15,18) ;
set El[2] := (9,12) (1,12) (1,3) (3,11) (11,14) (9,14) (9,11) (3,14) (11,12) (12,14) (1,14) (3,12) (1,11) (1,9) (3,9) ;
set El[3] := (15,18) (9,15) (9,11) (11,12) (12,21) (18,21) (11,18) (9,18) (12,18) (9,12) (11,21) (15,21) (12,15) (11,15) (9,21) ;
set El[4] := (5,14) (5,19) (17,19) (7,17) (7,16) (14,16) (7,19) (5,16) (14,17) (5,7) (14,19) (16,17) (5,17) (16,19) (7,14) ;
set El[5] := (11,13) (13,17) (17,21) (21,22) (9,22) (9,11) (17,22) (9,17) (11,21) (11,17) (9,21) (13,21) (11,22) (9,13) (13,22) ;
