data;

param num_top:=5;

#nodes and edges of the physical network
param n := 23;

set E := (1,2) (1,3) (1,4) (1,5) (1,6) (2,3) (2,8) (3,13) (3,9) (4,5) (4,13) (4,14) (4,16) (5,16) (5,18) (6,7) (6,18) (7,8) (7,21) (7,22) (7,23) (8,23) (9,10) (9,11) (9,13) (10,11) (10,12) (10,13) (11,12) (12,13) (12,15) (14,15) (14,20) (15,20) (16,17) (16,19) (16,20) (17,18) (17,19) (18,21) (19,20) (21,22) (22,23) ;

#nodes and edges of the virtual networks
set Nl[1] := 21 13 16 3 23 18 ;
set Nl[2] := 7 5 14 1 2 9 ;
set Nl[3] := 17 10 11 15 18 22 ;
set Nl[4] := 22 16 11 15 7 10 ;
set Nl[5] := 10 5 8 19 20 7 ;

set El[1] := (13,21) (13,16) (3,16) (3,23) (18,23) (18,21) (16,21) (13,23) (3,13) (16,18) (3,21) (16,23) (13,18) (21,23) (3,18) ;
set El[2] := (5,7) (5,14) (1,14) (1,2) (2,9) (7,9) (2,5) (7,14) (1,9) (1,5) (9,14) (2,7) (5,9) (1,7) (2,14) ;
set El[3] := (10,17) (10,11) (11,15) (15,18) (18,22) (17,22) (17,18) (10,18) (15,22) (10,15) (11,18) (10,22) (15,17) (11,17) (11,22) ;
set El[4] := (16,22) (11,16) (11,15) (7,15) (7,10) (10,22) (15,22) (10,15) (7,11) (15,16) (7,22) (10,11) (11,22) (7,16) (10,16) ;
set El[5] := (5,10) (5,8) (8,19) (19,20) (7,20) (7,10) (7,19) (5,19) (8,10) (5,7) (10,20) (10,19) (8,20) (5,20) (7,8) ;
