data;

param num_top:=5;

#nodes and edges of the physical network
param n := 23;

set E := (1,2) (1,3) (1,4) (1,5) (1,6) (2,3) (2,8) (3,13) (3,9) (4,5) (4,13) (4,14) (4,16) (5,16) (5,18) (6,7) (6,18) (7,8) (7,21) (7,22) (7,23) (8,23) (9,10) (9,11) (9,13) (10,11) (10,12) (10,13) (11,12) (12,13) (12,15) (14,15) (14,20) (15,20) (16,17) (16,19) (16,20) (17,18) (17,19) (18,21) (19,20) (21,22) (22,23) ;

#nodes and edges of the virtual networks
set Nl[1] := 14 2 11 4 16 12 ;
set Nl[2] := 3 17 4 2 18 13 ;
set Nl[3] := 4 13 20 12 5 2 ;
set Nl[4] := 1 22 18 16 5 2 ;
set Nl[5] := 4 18 16 10 8 3 ;

set El[1] := (2,14) (2,11) (4,11) (4,16) (12,16) (12,14) (11,14) (11,12) (4,14) (14,16) (2,12) (11,16) (2,4) (2,16) (4,12) ;
set El[2] := (3,17) (4,17) (2,4) (2,18) (13,18) (3,13) (3,4) (3,18) (2,13) (2,17) (2,3) (13,17) (17,18) (4,13) (4,18) ;
set El[3] := (4,13) (13,20) (12,20) (5,12) (2,5) (2,4) (4,12) (2,13) (4,20) (5,20) (2,12) (2,20) (12,13) (5,13) (4,5) ;
set El[4] := (1,22) (18,22) (16,18) (5,16) (2,5) (1,2) (1,16) (2,16) (2,18) (5,22) (1,18) (5,18) (16,22) (1,5) (2,22) ;
set El[5] := (4,18) (16,18) (10,16) (8,10) (3,8) (3,4) (4,10) (10,18) (8,18) (8,16) (3,10) (4,16) (3,16) (4,8) (3,18) ;