data;

param num_top:=5;

#nodes and edges of the physical network
param n := 23;

set E := (1,2) (1,3) (1,4) (1,5) (1,6) (2,3) (2,8) (3,13) (3,9) (4,5) (4,13) (4,14) (4,16) (5,16) (5,18) (6,7) (6,18) (7,8) (7,21) (7,22) (7,23) (8,23) (9,10) (9,11) (9,13) (10,11) (10,12) (10,13) (11,12) (12,13) (12,15) (14,15) (14,20) (15,20) (16,17) (16,19) (16,20) (17,18) (17,19) (18,21) (19,20) (21,22) (22,23) ;

#nodes and edges of the virtual networks
set Nl[1] := 4 15 16 18 20;
set Nl[2] := 9 14 16 17 19;
set Nl[3] := 10 13 15 18 19;
set Nl[4] := 7 10 17 22 23;
set Nl[5] := 8 10 15 18 21;

set El[1] := (4,15) (15,20) (18,20) (16,18) (4,16) (4,20) (16,20);
set El[2] := (9,14) (14,19) (17,19) (16,17) (9,16) (9,19) (14,16);
set El[3] := (10,13) (13,19) (18,19) (15,18) (10,15) (10,19) (10,18);
set El[4] := (7,17) (10,17) (10,22) (22,23) (7,23) (17,23) (17,22);
set El[5] := (8,15) (10,15) (10,18) (18,21) (8,21) (8,18) (10,21);
