data;

param num_top:=3;

#nodes and edges of the physical network
param n := 23;

set E := (1,2) (1,3) (1,4) (1,5) (1,6) (2,3) (2,8) (3,13) (3,9) (4,5) (4,13) (4,14) (4,16) (5,16) (5,18) (6,7) (6,18) (7,8) (7,21) (7,22) (7,23) (8,23) (9,10) (9,11) (9,13) (10,11) (10,12) (10,13) (11,12) (12,13) (12,15) (14,15) (14,20) (15,20) (16,17) (16,19) (16,20) (17,18) (17,19) (18,21) (19,20) (21,22) (22,23) ;

#nodes and edges of the virtual networks
set Nl[1] := 9 14 5 3 12 20 ;
set Nl[2] := 21 15 4 12 3 16 ;
set Nl[3] := 6 8 4 3 19 17 ;

set El[1] := (9,14) (5,14) (3,5) (3,12) (12,20) (9,20) (3,20) (9,12) (3,14) (5,12) (14,20) (5,9) (5,20) (3,9) (12,14) ;
set El[2] := (15,21) (4,15) (4,12) (3,12) (3,16) (16,21) (3,15) (3,21) (12,15) (4,21) (12,16) (4,16) (3,4) (15,16) (12,21) ;
set El[3] := (6,8) (4,8) (3,4) (3,19) (17,19) (6,17) (4,19) (4,17) (6,19) (8,17) (3,17) (4,6) (3,6) (8,19) (3,8) ;
