data;

param num_top:=3;

#nodes and edges of the physical network
param n := 23;

set E := (1,2) (1,3) (1,4) (1,5) (1,6) (2,3) (2,8) (3,13) (3,9) (4,5) (4,13) (4,14) (4,16) (5,16) (5,18) (6,7) (6,18) (7,8) (7,21) (7,22) (7,23) (8,23) (9,10) (9,11) (9,13) (10,11) (10,12) (10,13) (11,12) (12,13) (12,15) (14,15) (14,20) (15,20) (16,17) (16,19) (16,20) (17,18) (17,19) (18,21) (19,20) (21,22) (22,23) ;

#nodes and edges of the virtual networks
set Nl[1] := 18 14 7 12 22 20 ;
set Nl[2] := 22 17 13 8 11 5 ;
set Nl[3] := 7 3 22 17 15 5 ;

set El[1] := (14,18) (7,14) (7,12) (12,22) (20,22) (18,20) (14,22) (7,20) (12,20) (14,20) (7,22) (18,22) (7,18) (12,14) (12,18) ;
set El[2] := (17,22) (13,17) (8,13) (8,11) (5,11) (5,22) (5,8) (8,22) (11,13) (5,13) (13,22) (5,17) (11,22) (8,17) (11,17) ;
set El[3] := (3,7) (3,22) (17,22) (15,17) (5,15) (5,7) (15,22) (7,22) (7,15) (3,15) (3,17) (7,17) (3,5) (5,22) (5,17) ;