data;

param num_top:=3;

#nodes and edges of the physical network
param n := 23;

set E := (1,2) (1,3) (1,4) (1,5) (1,6) (2,3) (2,8) (3,13) (3,9) (4,5) (4,13) (4,14) (4,16) (5,16) (5,18) (6,7) (6,18) (7,8) (7,21) (7,22) (7,23) (8,23) (9,10) (9,11) (9,13) (10,11) (10,12) (10,13) (11,12) (12,13) (12,15) (14,15) (14,20) (15,20) (16,17) (16,19) (16,20) (17,18) (17,19) (18,21) (19,20) (21,22) (22,23) ;

#nodes and edges of the virtual networks
set Nl[1] := 18 22 12 7 20 8 ;
set Nl[2] := 23 12 10 4 1 11 ;
set Nl[3] := 20 4 8 6 23 1 ;

set El[1] := (18,22) (12,22) (7,12) (7,20) (8,20) (8,18) (12,18) (7,8) (7,22) (8,12) (7,18) (12,20) (18,20) (20,22) (8,22) ;
set El[2] := (12,23) (10,12) (4,10) (1,4) (1,11) (11,23) (4,11) (1,23) (10,23) (4,12) (1,10) (4,23) (11,12) (1,12) (10,11) ;
set El[3] := (4,20) (4,8) (6,8) (6,23) (1,23) (1,20) (4,6) (1,8) (1,6) (20,23) (8,20) (1,4) (8,23) (6,20) (4,23) ;
