data;

param num_top:=3;

#nodes and edges of the physical network
param n := 23;

set E := (1,2) (1,3) (1,4) (1,5) (1,6) (2,3) (2,8) (3,13) (3,9) (4,5) (4,13) (4,14) (4,16) (5,16) (5,18) (6,7) (6,18) (7,8) (7,21) (7,22) (7,23) (8,23) (9,10) (9,11) (9,13) (10,11) (10,12) (10,13) (11,12) (12,13) (12,15) (14,15) (14,20) (15,20) (16,17) (16,19) (16,20) (17,18) (17,19) (18,21) (19,20) (21,22) (22,23) ;

#nodes and edges of the virtual networks
set Nl[1] := 10 17 15 20 13 11 ;
set Nl[2] := 21 18 6 3 13 11 ;
set Nl[3] := 17 20 10 9 15 3 ;

set El[1] := (10,17) (15,17) (15,20) (13,20) (11,13) (10,11) (13,17) (10,13) (11,20) (11,17) (10,20) (13,15) (11,15) (10,15) (17,20) ;
set El[2] := (18,21) (6,18) (3,6) (3,13) (11,13) (11,21) (6,11) (3,18) (13,18) (6,21) (3,11) (13,21) (6,13) (11,18) (3,21) ;
set El[3] := (17,20) (10,20) (9,10) (9,15) (3,15) (3,17) (3,20) (9,20) (10,17) (15,17) (9,17) (3,10) (10,15) (15,20) (3,9) ;