data;

param num_top:=2;

#nodes and edges of the physical network
param n := 23;

set E := (1,2) (1,3) (1,4) (1,5) (1,6) (2,3) (2,8) (3,13) (3,9) (4,5) (4,13) (4,14) (4,16) (5,16) (5,18) (6,7) (6,18) (7,8) (7,21) (7,22) (7,23) (8,23) (9,10) (9,11) (9,13) (10,11) (10,12) (10,13) (11,12) (12,13) (12,15) (14,15) (14,20) (15,20) (16,17) (16,19) (16,20) (17,18) (17,19) (18,21) (19,20) (21,22) (22,23) ;

#nodes and edges of the virtual networks
set Nl[1] := 19 21 23 2 22 17 ;
set Nl[2] := 11 12 4 18 16 17 ;
set Nl[3] := 17 20 10 9 15 3 ;

set El[1] := (19,21) (21,23) (2,23) (2,22) (17,22) (17,19) (2,19) (21,22) (22,23) (19,23) (2,17) (17,21) (2,21) (19,22) (17,23) ;
set El[2] := (11,12) (4,12) (4,18) (16,18) (16,17) (11,17) (4,17) (12,17) (4,16) (11,16) (12,16) (11,18) (12,18) (17,18) (4,11) ;
set El[3] := (17,20) (10,20) (9,10) (9,15) (3,15) (3,17) (3,20) (9,20) (10,17) (15,17) (9,17) (3,10) (10,15) (15,20) (3,9) ;