data;

param num_top:=3;

#nodes and edges of the physical network
param n := 23;

set E := (1,2) (1,3) (1,4) (1,5) (1,6) (2,3) (2,8) (3,13) (3,9) (4,5) (4,13) (4,14) (4,16) (5,16) (5,18) (6,7) (6,18) (7,8) (7,21) (7,22) (7,23) (8,23) (9,10) (9,11) (9,13) (10,11) (10,12) (10,13) (11,12) (12,13) (12,15) (14,15) (14,20) (15,20) (16,17) (16,19) (16,20) (17,18) (17,19) (18,21) (19,20) (21,22) (22,23) ;

#nodes and edges of the virtual networks
set Nl[1] := 18 23 16 10 1 5 ;
set Nl[2] := 19 15 20 21 22 13 ;
set Nl[3] := 10 14 6 22 9 23 ;

set El[1] := (18,23) (16,23) (10,16) (1,10) (1,5) (5,18) (5,16) (1,18) (5,10) (5,23) (1,23) (16,18) (10,23) (10,18) (1,16) ;
set El[2] := (15,19) (15,20) (20,21) (21,22) (13,22) (13,19) (19,20) (13,21) (15,21) (19,22) (19,21) (20,22) (15,22) (13,15) (13,20) ;
set El[3] := (10,14) (6,14) (6,22) (9,22) (9,23) (10,23) (9,14) (22,23) (6,23) (9,10) (6,9) (10,22) (14,23) (6,10) (14,22) ;
