data;

param num_top:=3;

#nodes and edges of the physical network
param n := 23;

set E := (1,2) (1,3) (1,4) (1,5) (1,6) (2,3) (2,8) (3,13) (3,9) (4,5) (4,13) (4,14) (4,16) (5,16) (5,18) (6,7) (6,18) (7,8) (7,21) (7,22) (7,23) (8,23) (9,10) (9,11) (9,13) (10,11) (10,12) (10,13) (11,12) (12,13) (12,15) (14,15) (14,20) (15,20) (16,17) (16,19) (16,20) (17,18) (17,19) (18,21) (19,20) (21,22) (22,23) ;

#nodes and edges of the virtual networks
set Nl[1] := 23 10 6 13 12 14 ;
set Nl[2] := 8 20 14 18 1 23 ;
set Nl[3] := 11 2 17 20 6 23 ;

set El[1] := (10,23) (6,10) (6,13) (12,13) (12,14) (14,23) (13,14) (10,13) (10,14) (6,23) (12,23) (13,23) (6,12) (6,14) (10,12) ;
set El[2] := (8,20) (14,20) (14,18) (1,18) (1,23) (8,23) (8,18) (1,14) (20,23) (18,23) (8,14) (1,8) (18,20) (14,23) (1,20) ;
set El[3] := (2,11) (2,17) (17,20) (6,20) (6,23) (11,23) (2,6) (6,11) (11,20) (6,17) (2,20) (11,17) (2,23) (20,23) (17,23) ;
