data;

param num_top:=5;

#nodes and edges of the physical network
param n := 23;

set E := (1,2) (1,3) (1,4) (1,5) (1,6) (2,3) (2,8) (3,13) (3,9) (4,5) (4,13) (4,14) (4,16) (5,16) (5,18) (6,7) (6,18) (7,8) (7,21) (7,22) (7,23) (8,23) (9,10) (9,11) (9,13) (10,11) (10,12) (10,13) (11,12) (12,13) (12,15) (14,15) (14,20) (15,20) (16,17) (16,19) (16,20) (17,18) (17,19) (18,21) (19,20) (21,22) (22,23) ;

#nodes and edges of the virtual networks
set Nl[1] := 1 4 5 19 20;
set Nl[2] := 7 9 11 20 21;
set Nl[3] := 4 9 10 13 22;
set Nl[4] := 3 4 7 11 15;
set Nl[5] := 7 8 12 15 20;

set El[1] := (1,4) (4,20) (19,20) (5,19) (1,5) (5,20);
set El[2] := (7,11) (9,11) (9,20) (20,21) (7,21) (11,21);
set El[3] := (4,9) (9,22) (13,22) (10,13) (4,10) (10,22);
set El[4] := (3,4) (4,15) (11,15) (7,11) (3,7) (3,15);
set El[5] := (7,8) (8,20) (15,20) (12,15) (7,12) (8,12);
