data;

param num_top:=6;

#nodes and edges of the physical network
param n := 23;

set E := (1,2) (1,3) (1,4) (1,5) (1,6) (2,3) (2,8) (3,13) (3,9) (4,5) (4,13) (4,14) (4,16) (5,16) (5,18) (6,7) (6,18) (7,8) (7,21) (7,22) (7,23) (8,23) (9,10) (9,11) (9,13) (10,11) (10,12) (10,13) (11,12) (12,13) (12,15) (14,15) (14,20) (15,20) (16,17) (16,19) (16,20) (17,18) (17,19) (18,21) (19,20) (21,22) (22,23) ;

#nodes and edges of the virtual networks
set Nl[1] := 7 11 12 13 14 19;
set Nl[2] := 1 10 11 12 21 23;
set Nl[3] := 1 2 13 14 19 23;
set Nl[4] := 5 6 9 12 17 20;
set Nl[5] := 2 3 8 12 17 19;
set Nl[6] := 13 14 15 17 18 19;

set El[1] := (7,13) (11,13) (11,14) (12,14) (12,19) (7,19) (13,14);
set El[2] := (1,10) (10,11) (11,12) (12,21) (21,23) (1,23) (10,23);
set El[3] := (1,2) (2,13) (13,14) (14,19) (19,23) (1,23) (2,14);
set El[4] := (5,12) (6,12) (6,17) (9,17) (9,20) (5,20) (5,6);
set El[5] := (2,3) (3,8) (8,12) (12,17) (17,19) (2,19) (12,19);
set El[6] := (13,17) (14,17) (14,18) (15,18) (15,19) (13,19) (14,15);
