data;

param num_top:=6;

#nodes and edges of the physical network
param n := 23;

set E := (1,2) (1,3) (1,4) (1,5) (1,6) (2,3) (2,8) (3,13) (3,9) (4,5) (4,13) (4,14) (4,16) (5,16) (5,18) (6,7) (6,18) (7,8) (7,21) (7,22) (7,23) (8,23) (9,10) (9,11) (9,13) (10,11) (10,12) (10,13) (11,12) (12,13) (12,15) (14,15) (14,20) (15,20) (16,17) (16,19) (16,20) (17,18) (17,19) (18,21) (19,20) (21,22) (22,23) ;

#nodes and edges of the virtual networks
set Nl[1] := 3 7 11 15 17 20;
set Nl[2] := 3 4 7 10 19 20;
set Nl[3] := 2 6 14 18 19 23;
set Nl[4] := 1 6 7 15 17 18;
set Nl[5] := 5 6 8 11 13 16;
set Nl[6] := 4 6 7 14 18 19;

set El[1] := (3,7) (7,11) (11,15) (15,17) (17,20) (3,20) (7,20) (7,15) (11,20) (3,11) (15,20) (7,17) (11,17) (3,15) (3,17);
set El[2] := (3,10) (4,10) (4,19) (7,19) (7,20) (3,20) (3,7) (3,19) (10,19) (19,20) (3,4) (10,20) (7,10) (4,20) (4,7);
set El[3] := (2,18) (6,18) (6,19) (14,19) (14,23) (2,23) (2,6) (2,19) (19,23) (2,14) (18,23) (6,14) (18,19) (6,23) (14,18);
set El[4] := (1,15) (6,15) (6,17) (7,17) (7,18) (1,18) (1,6) (6,18) (7,15) (15,18) (15,17) (17,18) (6,7) (1,17) (1,7);
set El[5] := (5,11) (6,11) (6,13) (8,13) (8,16) (5,16) (5,8) (11,13) (5,13) (6,16) (6,8) (8,11) (11,16) (13,16) (5,6);
set El[6] := (4,14) (6,14) (6,18) (7,18) (7,19) (4,19) (4,18) (7,14) (14,19) (4,7) (18,19) (6,19) (4,6) (6,7) (14,18);
