data;

param num_top:=3;

#nodes and edges of the physical network
param n := 23;

set E := (1,2) (1,3) (1,4) (1,5) (1,6) (2,3) (2,8) (3,13) (3,9) (4,5) (4,13) (4,14) (4,16) (5,16) (5,18) (6,7) (6,18) (7,8) (7,21) (7,22) (7,23) (8,23) (9,10) (9,11) (9,13) (10,11) (10,12) (10,13) (11,12) (12,13) (12,15) (14,15) (14,20) (15,20) (16,17) (16,19) (16,20) (17,18) (17,19) (18,21) (19,20) (21,22) (22,23) ;

#nodes and edges of the virtual networks
set Nl[1] := 20 7 9 15 6 16 ;
set Nl[2] := 12 20 18 9 5 21 ;
set Nl[3] := 11 19 20 12 9 6 ;

set El[1] := (7,20) (7,9) (9,15) (6,15) (6,16) (16,20) ;
set El[2] := (12,20) (18,20) (9,18) (5,9) (5,21) (12,21) (18,21) (20,21) (5,18) (9,21) (5,12) (12,18) (9,12) (9,20) (5,20) ;
set El[3] := (11,19) (19,20) (12,20) (9,12) (6,9) (6,11) ;
