data;

param num_top:=4;

#nodes and edges of the physical network
param n := 23;

set E := (1,2) (1,3) (1,4) (1,5) (1,6) (2,3) (2,8) (3,13) (3,9) (4,5) (4,13) (4,14) (4,16) (5,16) (5,18) (6,7) (6,18) (7,8) (7,21) (7,22) (7,23) (8,23) (9,10) (9,11) (9,13) (10,11) (10,12) (10,13) (11,12) (12,13) (12,15) (14,15) (14,20) (15,20) (16,17) (16,19) (16,20) (17,18) (17,19) (18,21) (19,20) (21,22) (22,23) ;

#nodes and edges of the virtual networks
set Nl[1] := 10 5 14 1 11 3 ;
set Nl[2] := 15 13 1 14 17 7 ;
set Nl[3] := 21 15 13 20 17 19 ;
set Nl[4] := 13 8 10 15 12 18 ;

set El[1] := (5,10) (5,14) (1,14) (1,11) (3,11) (3,10) ;
set El[2] := (13,15) (1,13) (1,14) (14,17) (7,17) (7,15) ;
set El[3] := (15,21) (13,15) (13,20) (17,20) (17,19) (19,21) (15,19) (17,21) (13,21) (15,17) (20,21) (15,20) (19,20) (13,17) (13,19) ;
set El[4] := (8,13) (8,10) (10,15) (12,15) (12,18) (13,18) (8,12) (15,18) (12,13) (10,12) (13,15) (8,15) (10,13) (8,18) (10,18) ;
