data;

param num_top:=4;

#nodes and edges of the physical network
param n := 23;

set E := (1,2) (1,3) (1,4) (1,5) (1,6) (2,3) (2,8) (3,13) (3,9) (4,5) (4,13) (4,14) (4,16) (5,16) (5,18) (6,7) (6,18) (7,8) (7,21) (7,22) (7,23) (8,23) (9,10) (9,11) (9,13) (10,11) (10,12) (10,13) (11,12) (12,13) (12,15) (14,15) (14,20) (15,20) (16,17) (16,19) (16,20) (17,18) (17,19) (18,21) (19,20) (21,22) (22,23) ;

#nodes and edges of the virtual networks
set Nl[1] := 10 19 2 9 8 6 ;
set Nl[2] := 14 22 12 6 13 5 ;
set Nl[3] := 9 16 3 1 10 8 ;
set Nl[4] := 1 15 13 17 16 5 ;

set El[1] := (10,19) (2,19) (2,9) (8,9) (6,8) (6,10) ;
set El[2] := (14,22) (12,22) (6,12) (6,13) (5,13) (5,14) ;
set El[3] := (9,16) (3,16) (1,3) (1,10) (8,10) (8,9) (3,8) (10,16) (1,16) (3,9) (9,10) (1,9) (1,8) (3,10) (8,16) ;
set El[4] := (1,15) (13,15) (13,17) (16,17) (5,16) (1,5) (15,17) (15,16) (5,15) (5,13) (1,17) (1,16) (1,13) (13,16) (5,17) ;
