data;

param num_top:=4;

#nodes and edges of the physical network
param n := 23;

set E := (1,2) (1,3) (1,4) (1,5) (1,6) (2,3) (2,8) (3,13) (3,9) (4,5) (4,13) (4,14) (4,16) (5,16) (5,18) (6,7) (6,18) (7,8) (7,21) (7,22) (7,23) (8,23) (9,10) (9,11) (9,13) (10,11) (10,12) (10,13) (11,12) (12,13) (12,15) (14,15) (14,20) (15,20) (16,17) (16,19) (16,20) (17,18) (17,19) (18,21) (19,20) (21,22) (22,23) ;

#nodes and edges of the virtual networks
set Nl[1] := 8 9 10 3 1 16 ;
set Nl[2] := 15 10 8 1 4 3 ;
set Nl[3] := 22 11 7 23 9 10 ;
set Nl[4] := 20 11 5 16 18 19 ;

set El[1] := (8,9) (9,10) (3,10) (1,3) (1,16) (8,16) ;
set El[2] := (10,15) (8,10) (1,8) (1,4) (3,4) (3,15) ;
set El[3] := (11,22) (7,11) (7,23) (9,23) (9,10) (10,22) (7,9) (11,23) (10,11) (10,23) (7,22) (9,22) (7,10) (22,23) (9,11) ;
set El[4] := (11,20) (5,11) (5,16) (16,18) (18,19) (19,20) (11,19) (5,19) (18,20) (16,19) (5,18) (5,20) (16,20) (11,16) (11,18) ;
