data;

param num_top:=4;

#nodes and edges of the physical network
param n := 23;

set E := (1,2) (1,3) (1,4) (1,5) (1,6) (2,3) (2,8) (3,13) (3,9) (4,5) (4,13) (4,14) (4,16) (5,16) (5,18) (6,7) (6,18) (7,8) (7,21) (7,22) (7,23) (8,23) (9,10) (9,11) (9,13) (10,11) (10,12) (10,13) (11,12) (12,13) (12,15) (14,15) (14,20) (15,20) (16,17) (16,19) (16,20) (17,18) (17,19) (18,21) (19,20) (21,22) (22,23) ;

#nodes and edges of the virtual networks
set Nl[1] := 10 22 1 4 18 16 ;
set Nl[2] := 12 20 22 9 14 1 ;
set Nl[3] := 10 2 18 13 4 17 ;
set Nl[4] := 22 17 15 4 3 10 ;

set El[1] := (10,22) (1,22) (1,4) (4,18) (16,18) (10,16) ;
set El[2] := (12,20) (20,22) (9,22) (9,14) (1,14) (1,12) ;
set El[3] := (2,10) (2,18) (13,18) (4,13) (4,17) (10,17) (10,18) (17,18) (4,18) (4,10) (2,13) (2,17) (13,17) (10,13) (2,4) ;
set El[4] := (17,22) (15,17) (4,15) (3,4) (3,10) (10,22) (3,17) (3,22) (4,10) (4,17) (4,22) (3,15) (10,17) (10,15) (15,22) ;
