data;

param num_top:=4;

#nodes and edges of the physical network
param n := 23;

set E := (1,2) (1,3) (1,4) (1,5) (1,6) (2,3) (2,8) (3,13) (3,9) (4,5) (4,13) (4,14) (4,16) (5,16) (5,18) (6,7) (6,18) (7,8) (7,21) (7,22) (7,23) (8,23) (9,10) (9,11) (9,13) (10,11) (10,12) (10,13) (11,12) (12,13) (12,15) (14,15) (14,20) (15,20) (16,17) (16,19) (16,20) (17,18) (17,19) (18,21) (19,20) (21,22) (22,23) ;

#nodes and edges of the virtual networks
set Nl[1] := 13 20 8 9 17 6 ;
set Nl[2] := 4 16 5 13 2 3 ;
set Nl[3] := 13 11 10 22 3 18 ;
set Nl[4] := 20 14 13 3 23 10 ;

set El[1] := (13,20) (8,20) (8,9) (9,17) (6,17) (6,13) ;
set El[2] := (4,16) (5,16) (5,13) (2,13) (2,3) (3,4) ;
set El[3] := (11,13) (10,11) (10,22) (3,22) (3,18) (13,18) (10,18) (11,22) (18,22) (10,13) (13,22) (11,18) (3,13) (3,11) (3,10) ;
set El[4] := (14,20) (13,14) (3,13) (3,23) (10,23) (10,20) (13,23) (3,14) (3,10) (14,23) (3,20) (10,14) (13,20) (10,13) (20,23) ;
