data;

param num_top:=5;

#nodes and edges of the physical network
param n := 23;

set E := (1,2) (1,3) (1,4) (1,5) (1,6) (2,3) (2,8) (3,13) (3,9) (4,5) (4,13) (4,14) (4,16) (5,16) (5,18) (6,7) (6,18) (7,8) (7,21) (7,22) (7,23) (8,23) (9,10) (9,11) (9,13) (10,11) (10,12) (10,13) (11,12) (12,13) (12,15) (14,15) (14,20) (15,20) (16,17) (16,19) (16,20) (17,18) (17,19) (18,21) (19,20) (21,22) (22,23) ;

#nodes and edges of the virtual networks
set Nl[1] := 12 8 18 14 17 2 ;
set Nl[2] := 12 22 14 20 19 17 ;
set Nl[3] := 11 17 16 14 13 18 ;
set Nl[4] := 21 9 14 18 8 11 ;
set Nl[5] := 10 14 23 1 18 19 ;

set El[1] := (8,12) (8,18) (14,18) (14,17) (2,17) (2,12) ;
set El[2] := (12,22) (14,22) (14,20) (19,20) (17,19) (12,17) ;
set El[3] := (11,17) (16,17) (14,16) (13,14) (13,18) (11,18) ;
set El[4] := (9,21) (9,14) (14,18) (8,18) (8,11) (11,21) (18,21) (8,14) (9,11) (9,18) (14,21) (11,14) (8,21) (11,18) (8,9) ;
set El[5] := (10,14) (14,23) (1,23) (1,18) (18,19) (10,19) (1,14) (10,18) (14,19) (14,18) (1,10) (10,23) (1,19) (18,23) (19,23) ;