data;

param num_top:=5;

#nodes and edges of the physical network
param n := 23;

set E := (1,2) (1,3) (1,4) (1,5) (1,6) (2,3) (2,8) (3,13) (3,9) (4,5) (4,13) (4,14) (4,16) (5,16) (5,18) (6,7) (6,18) (7,8) (7,21) (7,22) (7,23) (8,23) (9,10) (9,11) (9,13) (10,11) (10,12) (10,13) (11,12) (12,13) (12,15) (14,15) (14,20) (15,20) (16,17) (16,19) (16,20) (17,18) (17,19) (18,21) (19,20) (21,22) (22,23) ;

#nodes and edges of the virtual networks
set Nl[1] := 1 5 8 11 18;
set Nl[2] := 5 7 12 22 23;
set Nl[3] := 3 4 14 17 22;
set Nl[4] := 8 9 15 22 23;
set Nl[5] := 1 3 4 5 11;

set El[1] := (1,5) (5,18) (11,18) (8,11) (1,8) (8,18) (1,11) (1,18) (5,11) (5,8);
set El[2] := (5,7) (7,23) (22,23) (12,22) (5,12) (7,22) (7,12) (12,23) (5,22) (5,23);
set El[3] := (3,4) (4,22) (17,22) (14,17) (3,14) (3,17) (4,14) (3,22) (4,17) (14,22);
set El[4] := (8,15) (9,15) (9,22) (22,23) (8,23) (8,9) (8,22) (15,22) (9,23) (15,23);
set El[5] := (1,3) (3,11) (5,11) (4,5) (1,4) (1,11) (1,5) (3,4) (3,5) (4,11);
